NaN,0.00731800109988189,0.0673460098712664,0.0522296627661125,0.0277878481420867,NaN,NaN,NaN,NaN,NaN
NaN,0.0494087223532891,0.0373669772577416,0.0206860834673914,0.0239162848688922,NaN,NaN,NaN,NaN,NaN
NaN,0.613855719284127,0.693880109122681,NaN,0.0848310770482108,NaN,NaN,NaN,NaN,NaN
NaN,0.292393519459191,NaN,0.15162460675213,0.153431100207416,NaN,NaN,NaN,NaN,NaN
NaN,0.466119745287313,0.247168260792221,0.2361133771444,0.287209271383503,NaN,NaN,NaN,NaN,NaN
NaN,0.0785675102261418,NaN,0.0193244486540505,0.53933868203958,NaN,NaN,NaN,NaN,NaN
NaN,0.0206187573837616,NaN,NaN,NaN,NaN,NaN,NaN,NaN,NaN
NaN,0.436219943966959,0.350934319186688,0.175688925150811,0.194799096629758,NaN,NaN,NaN,NaN,NaN
NaN,0.203523253859301,NaN,NaN,NaN,NaN,NaN,NaN,NaN,NaN
NaN,0.313796888163241,0.418065053914714,0.367210822721087,0.100704956697198,NaN,NaN,NaN,NaN,NaN
NaN,0.206745489902596,0.00468017395118053,0.344409781245681,NaN,NaN,NaN,NaN,NaN,NaN
NaN,0.306711553099168,0.332432538384027,0.564166496198156,NaN,NaN,NaN,NaN,NaN,NaN
NaN,NaN,0.334668516110965,NaN,NaN,NaN,NaN,NaN,NaN,NaN
NaN,0.393128546158481,0.6004337809266,0.116177794265457,NaN,0.195670400023499,NaN,0.224996705027056,0.170196408406991,0.336317978888153
NaN,NaN,0.290968498621733,1.30985186375321,NaN,0.415993532435538,0.422630167660781,NaN,0.237942788176038,0.403097149465598
NaN,0.325864216312331,0.347930599449071,0.250938571154156,0.200588001246154,0.0435265548056404,0.39295158842665,NaN,0.0882639370515387,NaN
NaN,0.523320235624331,0.843982388274248,NaN,NaN,NaN,NaN,NaN,NaN,NaN
NaN,0.745469193838914,0.631314327648543,0.906130259544476,NaN,NaN,0.448533742486498,0.904575419831327,NaN,NaN
NaN,0.0627358011452632,0.0712455260242681,0.0396286302960812,0.135383487248798,0.173209078073373,0.288987377511172,0.0903472334379823,0.0182068447061719,0.0896597694203911
NaN,0.31571837087893,NaN,NaN,NaN,NaN,NaN,NaN,NaN,NaN
NaN,0.0102065618226172,0.0742633312229008,0.0573925947045536,0.0313833439249371,0.0187323830383737,0.0195688105829288,0.0572270583080891,0.0739570038347925,0.132084847243085
NaN,NaN,0.0493144078484648,0.35071018660536,NaN,0.270979763779366,NaN,NaN,NaN,NaN
NaN,NaN,NaN,NaN,0.0355451574951521,0.170545043467692,NaN,0.0533955342387727,0.0672984554374386,0.0731782890757473
NaN,NaN,NaN,NaN,NaN,0.0673796009458966,NaN,NaN,NaN,NaN
NaN,NaN,NaN,NaN,0.110772492054365,NaN,NaN,NaN,NaN,NaN
NaN,NaN,NaN,NaN,NaN,0.0362609951910379,NaN,NaN,0.20596868443081,NaN
NaN,NaN,NaN,NaN,0.0149890597060768,0.0592190813479268,0.0745405622839398,0.615949882484962,1.16208112614817,NaN
NaN,NaN,NaN,NaN,NaN,NaN,0.0355322162955603,0.601433160518304,0.786357662518991,0.0309774676222695
NaN,NaN,NaN,NaN,NaN,0.197964757573659,NaN,0.042350892203729,NaN,NaN
NaN,NaN,NaN,NaN,NaN,NaN,0.200214468076508,NaN,0.263834094078731,0.207870629202201
NaN,NaN,NaN,NaN,NaN,0.181816580554555,NaN,0.0230498713840842,0.0477620381454046,0.048892825838213
NaN,NaN,NaN,NaN,NaN,NaN,0.081318728433874,0.698662861011305,NaN,0.323656962277711
NaN,NaN,NaN,NaN,NaN,NaN,NaN,0.116451206757096,0.171028007022375,0.214769422030051
NaN,NaN,NaN,NaN,NaN,NaN,NaN,NaN,0.237067615473719,0.82003001545581
NaN,NaN,NaN,NaN,NaN,NaN,NaN,NaN,NaN,0.109822195390747
NaN,NaN,NaN,NaN,NaN,NaN,NaN,NaN,NaN,0.157747018412111
NaN,NaN,NaN,NaN,NaN,NaN,NaN,NaN,NaN,0.190373535871975
NaN,0.29260918149686,0.0750941307365169,NaN,0.0378634183967095,NaN,0.0134768702864494,0.0354296398709962,0.0424965844577678,0.0557918187998529
NaN,0.334794885591789,0.466798076114896,NaN,0.151386663936398,0.216825463172813,0.179108786276192,0.4762861300104,0.358612670375641,0.285214827258752
NaN,0.407046740201171,NaN,0.146671081930014,NaN,0.135372168581592,0.373412444524294,0.525378143441245,0.519740430719666,0.407419849564233
NaN,NaN,NaN,0.0937198172337352,NaN,0.15105809070491,0.262919660809252,0.20553136322081,0.141012202469033,0.337698314602759
NaN,0.591074135188502,0.0283158829076511,0.590785213344012,0.272443110558625,NaN,0.0122978765394842,0.546451318681275,0.395584506186845,NaN
NaN,0.521423043478986,0.761517457575487,0.0975137628916013,NaN,0.0359790100806841,0.0465140630228966,0.0780141999585784,0.0488640228138716,0.379557984565585
NaN,0.0424873911908867,0.015466693143533,0.0180086891151898,0.239755075135264,0.0747117665953566,0.184255360712759,0.0655641392660062,0.154143974219704,0.0799791912338935
NaN,NaN,0.367946443781906,0.58733569090726,0.322246148419752,0.249812493622265,NaN,0.0699523562996917,0.0750209473603034,0.0504377484705183
NaN,NaN,0.453806005607279,0.0279722160450671,0.837959844580181,0.300317675037183,NaN,NaN,0.0774496328003773,0.197544420889198
NaN,NaN,NaN,0.214877086457928,0.47908391365104,0.147126214659379,0.226026659965243,NaN,0.156117466237153,0.110573074432666
NaN,NaN,0.0393754280333604,0.0592618105612924,NaN,NaN,0.197086615041146,0.552991080650894,NaN,NaN
NaN,NaN,NaN,NaN,0.0523969613148983,NaN,NaN,NaN,NaN,NaN
NaN,NaN,NaN,NaN,NaN,0.381134868223605,0.317799150853595,0.134100158821867,0.296283653210438,0.281771797049701
NaN,NaN,NaN,NaN,NaN,NaN,NaN,NaN,0.0180568891412447,0.0378606226151697
NaN,NaN,NaN,NaN,NaN,NaN,NaN,NaN,0.378194014900526,0.042740994952178
NaN,NaN,NaN,NaN,NaN,NaN,NaN,NaN,0.377753165494798,0.460238104694271
